File: C:\MED-PC IV\DATA\!2025-05-21_13h09m.Subject R101


Start Date: 05/21/25
End Date: 05/21/25
Subject: R101
Experiment: FSCV_Conflict_03
Group: 1
Box: 1
Start Time: 13:09:56
End Time: 14:17:41
MSN: AM_App-Pav-Dose-Cue_1_fITI30
B:    1513.000
F:       0.000
G:    2064.000
H:  372035.000
J:     100.000
K:       0.000
M:      30.000
N:      30.000
O:       0.000
P:       1.000
R:       0.000
S:       0.000
T:       0.000
U:       0.000
V:       0.000
W:       0.000
X:       0.000
Y:       0.000
Z:       0.000
A:
     0:        1.000        1.000        0.000      100.000        0.000
     5:        1.000
C:
     0:      153.000       81.000       18.000       81.000        0.000
     5:       18.000        0.000
D:
     0:        0.000      661.000      667.000      705.000      748.000
     5:     1628.000     3056.000     4148.000     4778.000     4784.000
    10:     4879.000     6993.000     7875.000     7883.000     7906.000
    15:     8507.000     8629.000     8663.000     8735.000     9376.000
    20:     9399.000     9470.000    10453.000    10462.000    11560.000
    25:    11616.000    12102.000    13783.000    13936.000    13940.000
    30:    14361.000    14668.000    15295.000    15394.000    15400.000
    35:    18002.000    18002.000    18058.000    18144.000    18502.000
    40:    18502.000    18502.000    18537.000    19503.000    20024.000
    45:    20246.000    20795.000    20852.000    20909.000    21347.000
    50:    21354.000    21443.000    21526.000    21526.000    21616.000
    55:    21728.000    22012.000    22026.000    22026.000    22026.000
    60:    22040.000    22562.000    23782.000    24920.000    25013.000
    65:    25050.000    25050.000    25182.000    25251.000    25330.000
    70:    25522.000    25550.000    25550.000    25550.000    25577.000
    75:    26322.000    26328.000    26415.000    26672.000    26701.000
    80:    26719.000    26730.000    26751.000    28531.000    28574.000
    85:    28574.000    28792.000    28818.000    28831.000    28841.000
    90:    28864.000    28955.000    29015.000    29074.000    29074.000
    95:    29074.000    29089.000    29208.000    30661.000    30703.000
   100:    30738.000    30816.000    30910.000    30930.000    31220.000
   105:    31277.000    31328.000    31352.000    31447.000    31553.000
   110:    31656.000    31857.000    32098.000    32098.000    32410.000
   115:    32451.000    32473.000    32529.000    32536.000    32598.000
   120:    32598.000    32598.000    32616.000    33139.000    33144.000
   125:    34577.000    35365.000    35523.000    35552.000    35594.000
   130:    35622.000    35622.000    35647.000    35768.000    35849.000
   135:    35862.000    35885.000    35960.000    36058.000    36122.000
   140:    36122.000    36122.000    36145.000    36162.000    36202.000
   145:    36242.000    36564.000    36568.000    36696.000    36729.000
   150:    36740.000    36789.000    36800.000    36806.000    36814.000
   155:    38140.000    38322.000    38339.000    38388.000    38443.000
   160:    38657.000    38741.000    39061.000    39079.000    39088.000
   165:    39266.000    39266.000    39336.000    39380.000    39465.000
   170:    39567.000    39592.000    39766.000    39766.000    39766.000
   175:    39788.000    40428.000    41118.000    41337.000    41373.000
   180:    41444.000    41547.000    41762.000    41781.000    41900.000
   185:    41949.000    42540.000    42573.000    42779.000    42790.000
   190:    42790.000    42816.000    42858.000    42960.000    43022.000
   195:    43072.000    43290.000    43290.000    43290.000    43316.000
   200:    43438.000    43470.000    44866.000    45160.000    45165.000
   205:    45180.000    45558.000    46210.000    46250.000    46312.000
   210:    46314.000    46314.000    46514.000    46564.000    46573.000
   215:    46596.000    46660.000    46700.000    46759.000    46790.000
   220:    46814.000    46814.000    46814.000    46967.000    48887.000
   225:    49261.000    49293.000    49516.000    49804.000    49832.000
   230:    49838.000    49838.000    50032.000    50095.000    50209.000
   235:    50338.000    50338.000    50338.000    50378.000    50418.000
   240:    50458.000    50724.000    51141.000    51178.000    51229.000
   245:    51284.000    51417.000    53482.000    53482.000    53881.000
   250:    53908.000    53981.000    53982.000    53982.000    53982.000
   255:    54096.000    54120.000    55044.000    55260.000    55428.000
   260:    55439.000    55703.000    55787.000    55940.000    55968.000
   265:    56036.000    56111.000    56193.000    56291.000    56358.000
   270:    56368.000    56421.000    56473.000    56476.000    56527.000
   275:    56568.000    57006.000    57006.000    57039.000    57239.000
   280:    57506.000    57506.000    57506.000    57521.000    57978.000
   285:    58555.000    59551.000    59719.000    59762.000    59770.000
   290:    59821.000    60354.000    60530.000    60530.000    60657.000
   295:    60700.000    60850.000    60917.000    61030.000    61030.000
   300:    61030.000    61158.000    62134.000    62603.000    62772.000
   305:    62829.000    63405.000    63426.000    63439.000    63485.000
   310:    63616.000    64054.000    64054.000    64330.000    64417.000
   315:    64454.000    64554.000    64554.000    64554.000    64571.000
   320:    64693.000    65858.000    67090.000    67578.000    67578.000
   325:    67816.000    67846.000    67904.000    67958.000    67992.000
   330:    68078.000    68078.000    68078.000    68345.000    69854.000
   335:    70172.000    70212.000    70229.000    70252.000    70266.000
   340:    70366.000    70582.000    70630.000    70659.000    71102.000
   345:    71102.000    71248.000    71426.000    71602.000    71602.000
   350:    71602.000    71606.000    71719.000    71756.000    73497.000
   355:    73606.000    73757.000    73836.000    74626.000    74626.000
   360:    74699.000    74811.000    74922.000    75086.000    75095.000
   365:    75126.000    75126.000    75126.000    75344.000    76844.000
   370:    78150.000    78150.000    78398.000    78439.000    78603.000
   375:    78650.000    78650.000    78650.000    78676.000    78690.000
   380:    78730.000    78770.000    79251.000    79324.000    79356.000
   385:    79386.000    79400.000    79484.000    79520.000    79529.000
   390:    80685.000    80724.000    80741.000    81258.000    81285.000
   395:    81794.000    81794.000    82074.000    82113.000    82157.000
   400:    82208.000    82241.000    82294.000    82294.000    82294.000
   405:    82428.000    84216.000    84265.000    85275.000    85299.000
   410:    85318.000    85318.000    85481.000    85496.000    85525.000
   415:    85567.000    85608.000    85818.000    85818.000    85818.000
   420:    85858.000    85898.000    85938.000    86359.000    86389.000
   425:    86971.000    87149.000    87203.000    87238.000    87301.000
   430:    87730.000    87763.000    88201.000    88289.000    88389.000
   435:    88444.000    88458.000    88473.000    88517.000    88531.000
   440:    88813.000    88962.000    88962.000    89116.000    89234.000
   445:    89343.000    89462.000    89462.000    89462.000    90729.000
   450:    91706.000    91835.000    92091.000    92303.000    92388.000
   455:    92399.000    92486.000    92486.000    92567.000    92577.000
   460:    92672.000    92764.000    92883.000    92934.000    92968.000
   465:    92986.000    92986.000    92986.000    93764.000    94946.000
   470:    95027.000    95242.000    95827.000    95834.000    96010.000
   475:    96010.000    96034.000    96182.000    96202.000    96228.000
   480:    96247.000    96319.000    96510.000    96510.000    96510.000
   485:    96825.000    96867.000    96915.000    98716.000    98805.000
   490:    99019.000    99534.000    99534.000    99604.000    99627.000
   495:    99637.000    99718.000    99905.000    99920.000    99996.000
   500:   100034.000   100034.000   100034.000   100074.000   100114.000
   505:   100154.000   100793.000   100839.000   100918.000   100954.000
   510:   101133.000   102607.000   102618.000   102673.000   102793.000
   515:   102798.000   102839.000   103178.000   103178.000   103297.000
   520:   103407.000   103441.000   103619.000   103678.000   103678.000
   525:   103678.000   103716.000   103718.000   103758.000   103798.000
   530:   104064.000   104731.000   104787.000   104866.000   104972.000
   535:   105054.000   105091.000   105786.000   105897.000   106024.000
   540:   106459.000   106484.000   106822.000   106822.000   106867.000
   545:   106883.000   106918.000   107322.000   107322.000   107322.000
   550:   107502.000   107544.000   107828.000   107835.000   108733.000
   555:   108781.000   108796.000   108952.000   109410.000   109545.000
   560:   109780.000   109836.000   110005.000   110194.000   110252.000
   565:   110287.000   110346.000   110346.000   110510.000   110570.000
   570:   110846.000   110846.000   110846.000   111016.000   111053.000
   575:   112236.000   112259.000   112946.000   113422.000   113613.000
   580:   113870.000   113870.000   114214.000   114370.000   114370.000
   585:   114370.000   115157.000   115210.000   116371.000   116378.000
   590:   116715.000   116998.000   117165.000   117290.000   117394.000
   595:   117394.000   117560.000   117587.000   117894.000   117894.000
   600:   117894.000   119532.000   119872.000   120076.000   120415.000
   605:   120452.000   120565.000   120918.000   120918.000   121394.000
   610:   121418.000   121418.000   121418.000   121438.000   121642.000
   615:   122935.000   123447.000   123566.000   123887.000   123907.000
   620:   124048.000   124442.000   124442.000   124637.000   124934.000
   625:   124942.000   124942.000   124942.000   127317.000   127585.000
   630:   127966.000   127966.000   128356.000   128466.000   128466.000
   635:   128466.000   128808.000   129889.000   129921.000   131484.000
   640:   131490.000   131490.000   131590.000   131685.000   131990.000
   645:   131990.000   131990.000   132014.000   132290.000   132395.000
   650:   133797.000   134115.000   134208.000   134735.000   134801.000
   655:   135014.000   135014.000   135139.000   135431.000   135514.000
   660:   135514.000   135514.000   135762.000   136590.000   137945.000
   665:   138208.000   138444.000   138471.000   138483.000   138538.000
   670:   138538.000   138585.000   138589.000   138707.000   138829.000
   675:   138928.000   139038.000   139038.000   139038.000   139064.000
   680:   139078.000   139118.000   139158.000   139416.000   139421.000
   685:   139738.000   139830.000   139920.000   139931.000   140021.000
   690:   140082.000   140198.000   140304.000   140738.000   140823.000
   695:   141799.000   141856.000   141867.000   141914.000   142182.000
   700:   142182.000   142350.000   142565.000   142652.000   142663.000
   705:   142682.000   142682.000   142682.000   142876.000   144255.000
   710:   144327.000   144686.000   145204.000   145706.000   145706.000
   715:   145922.000   146181.000   146206.000   146206.000   146206.000
   720:   146452.000   147941.000   148078.000   148113.000   148608.000
   725:   148636.000   149179.000   149230.000   149230.000   149322.000
   730:   149558.000   149600.000   149730.000   149730.000   149730.000
   735:   149770.000   149810.000   149850.000   150330.000   150874.000
   740:   150960.000   151041.000   151061.000   152455.000   152874.000
   745:   152874.000   153374.000   153374.000   153374.000   153416.000
   750:   154452.000   154475.000   155411.000   155446.000   155495.000
   755:   155616.000   155659.000   155782.000   155838.000   155936.000
   760:   155948.000   156025.000   156186.000   156200.000   156216.000
   765:   156252.000   156398.000   156398.000   156418.000   156552.000
   770:   156659.000   156898.000   156898.000   156898.000   156945.000
   775:   157138.000   157177.000   157449.000   158663.000   159185.000
   780:   159266.000   159500.000   159589.000   159922.000   159922.000
   785:   160089.000   160159.000   160360.000   160422.000   160422.000
   790:   160422.000   160455.000   160556.000   163446.000   163446.000
   795:   163796.000   163946.000   163946.000   163946.000   163962.000
   800:   165675.000   166322.000   166336.000   166970.000   166970.000
   805:   167278.000   167461.000   167470.000   167470.000   167470.000
   810:   167490.000   167649.000   167677.000   167727.000   167816.000
   815:   169517.000   169592.000   169607.000   169927.000   170301.000
   820:   170315.000   170383.000   170494.000   170494.000   170664.000
   825:   170739.000   170806.000   170849.000   170945.000   170969.000
   830:   170994.000   170994.000   170994.000   171014.000   171325.000
   835:   171559.000   171655.000   172210.000   173052.000   173240.000
   840:   173246.000   173255.000   173868.000   173883.000   174018.000
   845:   174018.000   174173.000   174301.000   174315.000   174323.000
   850:   174440.000   174458.000   174461.000   174471.000   174518.000
   855:   174518.000   174518.000   174558.000   174598.000   174638.000
   860:   175057.000   175078.000   175087.000   175117.000   175141.000
   865:   175161.000   175237.000   175262.000   175364.000   175436.000
   870:   175483.000   176728.000   176957.000   177303.000   177501.000
   875:   177662.000   177662.000   177881.000   177962.000   178162.000
   880:   178162.000   178162.000   178178.000   178202.000   178242.000
   885:   178282.000   179273.000   179333.000   179348.000   179397.000
   890:   179436.000   179467.000   180428.000   180452.000   180967.000
   895:   181306.000   181306.000   181309.000   181425.000   181501.000
   900:   181526.000   181545.000   181713.000   181722.000   181806.000
   905:   181806.000   181806.000   181817.000   181932.000   181937.000
   910:   181953.000   181975.000   181998.000   183722.000   183996.000
   915:   184057.000   184352.000   184429.000   184484.000   184578.000
   920:   184830.000   184830.000   185135.000   185200.000   185284.000
   925:   185309.000   185330.000   185330.000   185330.000   185335.000
   930:   186619.000   186659.000   187244.000   187245.000   187295.000
   935:   187369.000   187425.000   187941.000   187969.000   188002.000
   940:   188016.000   188132.000   188253.000   188352.000   188354.000
   945:   188354.000   188463.000   188491.000   188716.000   188771.000
   950:   188854.000   188854.000   188854.000   188875.000   189055.000
   955:   189158.000   190710.000   190793.000   191830.000   191878.000
   960:   191878.000   192005.000   192091.000   192119.000   192241.000
   965:   192305.000   192344.000   192378.000   192378.000   192378.000
   970:   192418.000   194350.000   195126.000   195154.000   195160.000
   975:   195402.000   195402.000   195426.000   195530.000   195558.000
   980:   195609.000   195647.000   195687.000   195782.000   195824.000
   985:   195828.000   195858.000   195902.000   195902.000   195902.000
   990:   195925.000   196144.000   196163.000   196535.000   196563.000
   995:   197568.000   197594.000   198054.000   198358.000   198926.000
  1000:   198926.000   199085.000   199123.000   199161.000   199270.000
  1005:   199284.000   199319.000   199398.000   199426.000   199426.000
  1010:   199426.000   199450.000   199614.000   199640.000   200767.000
  1015:   201529.000   201729.000   202448.000   202450.000   202450.000
  1020:   202478.000   202569.000   202685.000   202812.000   202843.000
  1025:   202908.000   202950.000   202950.000   202950.000   203269.000
  1030:   204457.000   205096.000   205661.000   205717.000   205830.000
  1035:   205953.000   205974.000   205974.000   206148.000   206177.000
  1040:   206251.000   206385.000   206474.000   206474.000   206474.000
  1045:   206475.000   206514.000   206554.000   206594.000   206819.000
  1050:   207246.000   207398.000   207408.000   207453.000   207523.000
  1055:   208900.000   208945.000   209322.000   209618.000   209618.000
  1060:   210100.000   210118.000   210118.000   210118.000   210139.000
  1065:   210332.000   210347.000   211055.000   211066.000   211082.000
  1070:   211105.000   211836.000   211858.000   212164.000   212409.000
  1075:   212505.000   212777.000   213142.000   213142.000   213561.000
  1080:   213615.000   213642.000   213642.000   213642.000   213662.000
  1085:   213682.000   213722.000   213762.000   214015.000   214481.000
  1090:   214551.000   214571.000   214629.000   214652.000   214692.000
  1095:   215238.000   215260.000   216101.000   216117.000   216140.000
  1100:   216144.000   216729.000   216786.000   216786.000   217017.000
  1105:   217049.000   217114.000   217216.000   217252.000   217286.000
  1110:   217286.000   217286.000   217440.000   217459.000   217504.000
  1115:   219195.000   219435.000   219485.000   219844.000   220310.000
  1120:   220310.000   220520.000   220591.000   220663.000   220810.000
  1125:   220810.000   220810.000   220982.000   221014.000   221055.000
  1130:   221148.000   222060.000   222068.000   222176.000   223210.000
  1135:   223244.000   223514.000   223632.000   223805.000   223834.000
  1140:   223834.000   224089.000   224120.000   224241.000   224334.000
  1145:   224334.000   224334.000   224502.000   225303.000   225858.000
  1150:   226827.000   227079.000   227120.000   227190.000   227225.000
  1155:   227331.000   227358.000   227358.000   227542.000   227570.000
  1160:   227573.000   227588.000   227594.000   227613.000   227616.000
  1165:   227650.000   227669.000   227725.000   227730.000   227824.000
  1170:   227858.000   227858.000   227858.000   227888.000   227961.000
  1175:   227999.000   228122.000   228134.000   228947.000   229742.000
  1180:   230063.000   230075.000   230196.000   230882.000   230882.000
  1185:   230954.000   230974.000   231010.000   231163.000   231190.000
  1190:   231236.000   231290.000   231340.000   231382.000   231382.000
  1195:   231382.000   231386.000   231410.000   231568.000   233287.000
  1200:   233557.000   233575.000   233603.000   233994.000   234009.000
  1205:   234033.000   234235.000   234272.000   234406.000   234406.000
  1210:   234572.000   234669.000   234709.000   234738.000   234839.000
  1215:   234870.000   234906.000   234906.000   234906.000   234940.000
  1220:   235105.000   236812.000   236857.000   237130.000   237188.000
  1225:   237930.000   237930.000   238099.000   238148.000   238182.000
  1230:   238230.000   238251.000   238257.000   238311.000   238351.000
  1235:   238384.000   238430.000   238430.000   238430.000   238454.000
  1240:   238764.000   238788.000   238897.000   240313.000   241454.000
  1245:   241454.000   241759.000   241768.000   241807.000   241852.000
  1250:   241892.000   241936.000   241954.000   241954.000   241954.000
  1255:   241983.000   242078.000   242105.000   242144.000   242155.000
  1260:   242254.000   242449.000   242762.000   242781.000   242850.000
  1265:   242876.000   242879.000   242917.000   243759.000   244978.000
  1270:   244978.000   245074.000   245147.000   245236.000   245285.000
  1275:   245353.000   245387.000   245414.000   245478.000   245478.000
  1280:   245478.000   245504.000   245667.000   245674.000   246644.000
  1285:   246879.000   246929.000   247332.000   247335.000   247362.000
  1290:   247373.000   247517.000   247710.000   247797.000   247817.000
  1295:   247981.000   248211.000   248246.000   248316.000   248360.000
  1300:   248365.000   248398.000   248502.000   248502.000   248577.000
  1305:   248647.000   248960.000   249002.000   249002.000   249002.000
  1310:   250742.000   251168.000   251206.000   251611.000   251655.000
  1315:   251797.000   251920.000   252026.000   252026.000   252158.000
  1320:   252224.000   252240.000   252277.000   252363.000   252411.000
  1325:   252429.000   252455.000   252526.000   252526.000   252526.000
  1330:   252550.000   252566.000   252606.000   252646.000   253100.000
  1335:   253139.000   253212.000   253248.000   254817.000   254857.000
  1340:   255294.000   255297.000   255670.000   255670.000   255773.000
  1345:   255882.000   255890.000   255950.000   256027.000   256077.000
  1350:   256090.000   256169.000   256170.000   256170.000   256170.000
  1355:   256181.000   256210.000   256250.000   256290.000   256460.000
  1360:   256725.000   257729.000   258267.000   258358.000   258371.000
  1365:   259314.000   259314.000   259551.000   259616.000   259624.000
  1370:   259647.000   259715.000   259814.000   259814.000   259814.000
  1375:   259818.000   259842.000   259954.000   260628.000   261261.000
  1380:   262499.000   262512.000   262628.000   262635.000   262731.000
  1385:   262838.000   262838.000   263002.000   263058.000   263181.000
  1390:   263268.000   263338.000   263338.000   263338.000   263472.000
  1395:   263486.000   264305.000   264590.000   264884.000   264899.000
  1400:   264970.000   264975.000   264985.000   265397.000   265426.000
  1405:   266362.000   266362.000   266511.000   266568.000   266643.000
  1410:   266764.000   266782.000   266862.000   266862.000   266862.000
  1415:   266889.000   266893.000   267097.000   267434.000   269122.000
  1420:   269220.000   269302.000   269588.000   269622.000   269886.000
  1425:   269886.000   269997.000   270095.000   270177.000   270182.000
  1430:   270208.000   270240.000   270272.000   270284.000   270322.000
  1435:   270386.000   270386.000   270386.000   272212.000   272255.000
  1440:   272261.000   272344.000   272799.000   272804.000   273009.000
  1445:   273041.000   273410.000   273410.000   273583.000   273674.000
  1450:   273706.000   273910.000   273910.000   273910.000   273912.000
  1455:   273917.000   274081.000   275835.000   276345.000   276461.000
  1460:   276738.000   276744.000   276934.000   276934.000   276955.000
  1465:   277097.000   277165.000   277173.000   277201.000   277211.000
  1470:   277321.000   277373.000   277403.000   277406.000   277434.000
  1475:   277434.000   277434.000   277443.000   277637.000   278542.000
  1480:   279760.000   279769.000   280049.000   280061.000   280067.000
  1485:   280408.000   280458.000   280458.000   280557.000   280679.000
  1490:   280721.000   280753.000   280958.000   280958.000   280958.000
  1495:   283164.000   283510.000   283519.000   283593.000   283926.000
  1500:   283982.000   283982.000   284154.000   284189.000   284409.000
  1505:   284439.000   284482.000   284482.000   284482.000   284498.000
  1510:   286001.000   286008.000   286637.000   287203.000   287492.000
  1515:   287506.000   287506.000   287602.000   287682.000   287756.000
  1520:   287868.000   287880.000   288006.000   288006.000   288006.000
  1525:   288026.000   288046.000   288086.000   288126.000   288568.000
  1530:   288671.000   288695.000   288728.000   288975.000   289099.000
  1535:   289220.000   289357.000   289426.000   289454.000   290312.000
  1540:   290342.000   290429.000   290438.000   290753.000   290820.000
  1545:   290827.000   291083.000   291150.000   291150.000   291345.000
  1550:   291442.000   291465.000   291548.000   291572.000   291629.000
  1555:   291634.000   291646.000   291650.000   291650.000   291650.000
  1560:   291690.000   291730.000   291770.000   292089.000   292219.000
  1565:   292363.000   292447.000   292484.000   292491.000   293124.000
  1570:   294306.000   294693.000   294794.000   294794.000   294960.000
  1575:   295053.000   295070.000   295083.000   295132.000   295294.000
  1580:   295294.000   295294.000   295415.000   295445.000   295489.000
  1585:   295508.000   295520.000   295550.000   295570.000   295585.000
  1590:   296723.000   296766.000   296782.000   297025.000   297110.000
  1595:   297179.000   297201.000   297392.000   297452.000   297799.000
  1600:   297856.000   298246.000   298318.000   298318.000   298481.000
  1605:   298524.000   298565.000   298636.000   298677.000   298818.000
  1610:   298818.000   298818.000   299112.000   301078.000   301084.000
  1615:   301186.000   301190.000   301322.000   301418.000   301780.000
  1620:   301842.000   301842.000   301990.000   302035.000   302058.000
  1625:   302067.000   302112.000   302136.000   302142.000   302163.000
  1630:   302194.000   302342.000   302342.000   302342.000   302370.000
  1635:   302466.000   302523.000   302536.000   304249.000   304281.000
  1640:   304345.000   304407.000   304447.000   304481.000   304538.000
  1645:   304802.000   304804.000   305104.000   305141.000   305192.000
  1650:   305366.000   305366.000   305536.000   305572.000   305633.000
  1655:   305673.000   305692.000   305708.000   305759.000   305784.000
  1660:   305832.000   305866.000   305866.000   305866.000   305897.000
  1665:   305991.000   306058.000   306085.000   307231.000   307777.000
  1670:   307782.000   308000.000   308276.000   308329.000   308417.000
  1675:   308514.000   308533.000   308571.000   308639.000   308890.000
  1680:   308890.000   309164.000   309246.000   309357.000   309390.000
  1685:   309390.000   309390.000   309393.000   309415.000   309593.000
  1690:   309677.000   309681.000   311869.000   311960.000   312032.000
  1695:   312155.000   312414.000   312414.000   312576.000   312647.000
  1700:   312689.000   312736.000   312741.000   312773.000   312846.000
  1705:   312914.000   312914.000   312914.000   313057.000   314069.000
  1710:   314543.000   314660.000   314680.000   314708.000   314743.000
  1715:   315069.000   315103.000   315369.000   315413.000   315470.000
  1720:   315865.000   315882.000   315938.000   315938.000   316116.000
  1725:   316191.000   316214.000   316296.000   316348.000   316372.000
  1730:   316408.000   316438.000   316438.000   316438.000   316459.000
  1735:   316478.000   316518.000   316558.000   316933.000   317038.000
  1740:   317044.000   317058.000   317080.000   317095.000   317120.000
  1745:   317208.000   317220.000   317354.000   317970.000   318820.000
  1750:   318851.000   318923.000   318996.000   319097.000   319112.000
  1755:   319187.000   319202.000   319262.000   319277.000   319579.000
  1760:   319582.000   319582.000   319741.000   319850.000   319853.000
  1765:   319917.000   319959.000   320082.000   320082.000   320082.000
  1770:   320093.000   321375.000   321391.000   321779.000   321795.000
  1775:   321805.000   322142.000   322320.000   323025.000   323037.000
  1780:   323106.000   323106.000   323233.000   323292.000   323336.000
  1785:   323382.000   323422.000   323460.000   323483.000   323500.000
  1790:   323538.000   323606.000   323606.000   323606.000   323606.000
  1795:   323629.000   323646.000   323686.000   323726.000   323936.000
  1800:   324876.000   325024.000   325674.000   326217.000   326395.000
  1805:   326439.000   326446.000   326744.000   326750.000   326750.000
  1810:   326944.000   327182.000   327244.000   327250.000   327250.000
  1815:   327250.000   327256.000   327440.000   327456.000   329172.000
  1820:   329206.000   329962.000   330038.000   330050.000   330058.000
  1825:   330197.000   330217.000   330274.000   330274.000   330415.000
  1830:   330449.000   330455.000   330526.000   330573.000   330602.000
  1835:   330691.000   330774.000   330774.000   330774.000   330804.000
  1840:   330902.000   330911.000   330925.000   333231.000   333238.000
  1845:   333798.000   333798.000   333956.000   334009.000   334040.000
  1850:   334070.000   334074.000   334090.000   334117.000   334145.000
  1855:   334298.000   334298.000   334298.000   334300.000   334325.000
  1860:   334551.000   335565.000   336411.000   336457.000   336949.000
  1865:   337120.000   337231.000   337271.000   337322.000   337322.000
  1870:   337486.000   337534.000   337556.000   337576.000   337591.000
  1875:   337617.000   337708.000   337716.000   337822.000   337822.000
  1880:   337822.000   337977.000   338061.000   338076.000   339404.000
  1885:   339494.000   339511.000   339660.000   340211.000   340846.000
  1890:   340846.000   341009.000   341038.000   341102.000   341153.000
  1895:   341160.000   341232.000   341267.000   341287.000   341303.000
  1900:   341342.000   341346.000   341346.000   341346.000   343427.000
  1905:   343529.000   344219.000   344370.000   344370.000   344493.000
  1910:   344544.000   344623.000   344651.000   344656.000   344689.000
  1915:   344745.000   344870.000   344870.000   344870.000   345028.000
  1920:   345149.000   345179.000   345194.000   347123.000   347627.000
  1925:   347635.000   347677.000   347894.000   347894.000   348113.000
  1930:   348175.000   348191.000   348251.000   348307.000   348394.000
  1935:   348394.000   348394.000   348608.000   348706.000   348829.000
  1940:   348925.000   348949.000   348960.000   349030.000   349033.000
  1945:   349065.000   349101.000   349136.000   349150.000   349196.000
  1950:   349205.000   349287.000   349303.000   349370.000   349383.000
  1955:   349409.000   349969.000   350448.000   350880.000   351027.000
  1960:   351418.000   351418.000   351614.000   351653.000   351713.000
  1965:   351814.000   351880.000   351886.000   351918.000   351918.000
  1970:   351918.000   352147.000   353355.000   353392.000   353436.000
  1975:   354023.000   354315.000   354387.000   354467.000   354553.000
  1980:   354642.000   354685.000   354707.000   354746.000   354785.000
  1985:   354813.000   354942.000   354942.000   355125.000   355146.000
  1990:   355180.000   355258.000   355296.000   355339.000   355348.000
  1995:   355385.000   355442.000   355442.000   355442.000   355592.000
  2000:   355623.000   356233.000   357851.000   358063.000   358466.000
  2005:   358466.000   358565.000   358608.000   358695.000   358726.000
  2010:   358774.000   358819.000   358824.000   358838.000   358908.000
  2015:   358920.000   358966.000   358966.000   358966.000   359224.000
  2020:   361990.000   361990.000   362096.000   362159.000   362243.000
  2025:   362299.000   362344.000   362348.000   362374.000   362397.000
  2030:   362490.000   362490.000   362490.000   362504.000   362836.000
  2035:   362845.000   364651.000   364697.000   364703.000   365514.000
  2040:   365514.000   365679.000   365786.000   365794.000   365822.000
  2045:   365847.000   365887.000   365971.000   365999.000   366014.000
  2050:   366014.000   366014.000   366043.000   366243.000   366278.000
  2055:   368027.000   368083.000   369934.000   370013.000   370239.000
  2060:   370892.000   370904.000   371240.000   372035.000
E:
     0:        1.000       16.000       16.000       16.000       16.000
     5:       16.000       16.000       16.000       16.000       16.000
    10:       16.000       16.000       16.000       16.000       16.000
    15:       16.000       16.000       16.000       16.000       16.000
    20:       16.000       16.000       16.000       16.000       16.000
    25:       16.000       16.000       16.000       16.000       16.000
    30:       16.000       16.000       16.000       16.000       16.000
    35:        2.000        9.000       10.000       10.000        3.000
    40:        6.000        7.000       16.000       16.000       16.000
    45:       16.000       16.000       16.000       16.000       16.000
    50:       16.000       16.000        2.000        9.000       10.000
    55:       10.000       10.000        3.000        6.000        7.000
    60:       16.000       16.000       16.000       16.000       16.000
    65:        2.000        9.000       10.000       10.000       10.000
    70:       10.000        3.000        6.000        7.000       16.000
    75:       16.000       16.000       16.000       16.000       16.000
    80:       16.000       16.000       16.000       16.000        2.000
    85:        9.000       10.000       10.000       10.000       10.000
    90:       10.000       10.000       10.000        3.000        6.000
    95:        7.000       16.000       16.000       16.000       16.000
   100:       16.000       16.000       16.000       16.000       16.000
   105:       16.000       16.000       16.000       16.000       16.000
   110:       16.000       16.000        2.000        9.000       10.000
   115:       10.000       10.000       10.000       10.000        3.000
   120:        6.000        7.000       16.000       16.000       16.000
   125:       16.000       16.000       16.000       16.000       16.000
   130:        4.000        9.000       11.000       11.000       11.000
   135:       11.000       11.000       11.000       11.000        5.000
   140:        6.000        8.000       16.000        6.000        6.000
   145:        6.000       16.000       16.000       16.000       16.000
   150:       16.000       16.000       16.000       16.000       16.000
   155:       16.000       16.000       16.000       16.000       16.000
   160:       16.000       16.000       16.000       16.000       16.000
   165:        2.000        9.000       10.000       10.000       10.000
   170:       10.000       10.000        3.000        6.000        7.000
   175:       16.000       16.000       16.000       16.000       16.000
   180:       16.000       16.000       16.000       16.000       16.000
   185:       16.000       16.000       16.000       16.000        2.000
   190:        9.000       10.000       10.000       10.000       10.000
   195:       10.000        3.000        6.000        7.000       16.000
   200:       16.000       16.000       16.000       16.000       16.000
   205:       16.000       16.000       16.000       16.000       16.000
   210:        2.000        9.000       10.000       10.000       10.000
   215:       10.000       10.000       10.000       10.000       10.000
   220:        3.000        6.000        7.000       16.000       16.000
   225:       16.000       16.000       16.000       16.000       16.000
   230:        4.000        9.000       11.000       11.000       11.000
   235:        5.000        6.000        8.000        6.000        6.000
   240:        6.000       16.000       16.000       16.000       16.000
   245:       16.000       16.000        2.000        9.000       10.000
   250:       10.000       10.000        3.000        6.000        7.000
   255:       16.000       16.000       16.000       16.000       16.000
   260:       16.000       16.000       16.000       16.000       16.000
   265:       16.000       16.000       16.000       16.000       16.000
   270:       16.000       16.000       16.000       16.000       16.000
   275:       16.000        2.000        9.000       10.000       10.000
   280:        3.000        6.000        7.000       16.000       16.000
   285:       16.000       16.000       16.000       16.000       16.000
   290:       16.000       16.000        2.000        9.000       10.000
   295:       10.000       10.000       10.000        3.000        6.000
   300:        7.000       16.000       16.000       16.000       16.000
   305:       16.000       16.000       16.000       16.000       16.000
   310:       16.000        2.000        9.000       10.000       10.000
   315:       10.000        3.000        6.000        7.000       16.000
   320:       16.000       16.000       16.000        2.000        9.000
   325:       10.000       10.000       10.000       10.000       10.000
   330:        3.000        6.000        7.000       16.000       16.000
   335:       16.000       16.000       16.000       16.000       16.000
   340:       16.000       16.000       16.000       16.000        2.000
   345:        9.000       10.000       10.000        3.000        6.000
   350:        7.000       16.000       16.000       16.000       16.000
   355:       16.000       16.000       16.000        2.000        9.000
   360:       10.000       10.000       10.000       10.000       10.000
   365:        3.000        6.000        7.000       16.000       16.000
   370:        4.000        9.000       11.000       11.000       11.000
   375:        5.000        6.000        8.000       16.000        6.000
   380:        6.000        6.000       16.000       16.000       16.000
   385:       16.000       16.000       16.000       16.000       16.000
   390:       16.000       16.000       16.000       16.000       16.000
   395:        2.000        9.000       10.000       10.000       10.000
   400:       10.000       10.000        3.000        6.000        7.000
   405:       16.000       16.000       16.000       16.000       16.000
   410:        4.000        9.000       11.000       11.000       11.000
   415:       11.000       11.000        5.000        6.000        8.000
   420:        6.000        6.000        6.000       16.000       16.000
   425:       16.000       16.000       16.000       16.000       16.000
   430:       16.000       16.000       16.000       16.000       16.000
   435:       16.000       16.000       16.000       16.000       16.000
   440:       16.000        2.000        9.000       10.000       10.000
   445:       10.000        3.000        6.000        7.000       16.000
   450:       16.000       16.000       16.000       16.000       16.000
   455:       16.000        2.000        9.000       10.000       10.000
   460:       10.000       10.000       10.000       10.000       10.000
   465:        3.000        6.000        7.000       16.000       16.000
   470:       16.000       16.000       16.000       16.000        2.000
   475:        9.000       10.000       10.000       10.000       10.000
   480:       10.000       10.000        3.000        6.000        7.000
   485:       16.000       16.000       16.000       16.000       16.000
   490:       16.000        4.000        9.000       11.000       11.000
   495:       11.000       11.000       11.000       11.000       11.000
   500:        5.000        6.000        8.000        6.000        6.000
   505:        6.000       16.000       16.000       16.000       16.000
   510:       16.000       16.000       16.000       16.000       16.000
   515:       16.000       16.000        4.000        9.000       11.000
   520:       11.000       11.000       11.000        5.000        6.000
   525:        8.000       16.000        6.000        6.000        6.000
   530:       16.000       16.000       16.000       16.000       16.000
   535:       16.000       16.000       16.000       16.000       16.000
   540:       16.000       16.000        2.000        9.000       10.000
   545:       10.000       10.000        3.000        6.000        7.000
   550:       16.000       16.000       16.000       16.000       16.000
   555:       16.000       16.000       16.000       16.000       16.000
   560:       16.000       16.000       16.000       16.000       16.000
   565:       16.000        2.000        9.000       10.000       10.000
   570:        3.000        6.000        7.000       16.000       16.000
   575:       16.000       16.000       16.000       16.000       16.000
   580:        2.000        9.000       10.000        3.000        6.000
   585:        7.000       16.000       16.000       16.000       16.000
   590:       16.000       16.000       16.000       16.000        2.000
   595:        9.000       10.000       10.000        3.000        6.000
   600:        7.000       16.000       16.000       16.000       16.000
   605:       16.000       16.000        2.000        9.000       10.000
   610:        3.000        6.000        7.000       16.000       16.000
   615:       16.000       16.000       16.000       16.000       16.000
   620:       16.000        2.000        9.000       10.000       10.000
   625:        3.000        6.000        7.000       16.000       16.000
   630:        2.000        9.000       10.000        3.000        6.000
   635:        7.000       16.000       16.000       16.000       16.000
   640:        2.000        9.000       10.000       10.000        3.000
   645:        6.000        7.000       16.000       16.000       16.000
   650:       16.000       16.000       16.000       16.000       16.000
   655:        2.000        9.000       10.000       10.000        3.000
   660:        6.000        7.000       16.000       16.000       16.000
   665:       16.000       16.000       16.000       16.000        4.000
   670:        9.000       11.000       11.000       11.000       11.000
   675:       11.000        5.000        6.000        8.000       16.000
   680:        6.000        6.000        6.000       16.000       16.000
   685:       16.000       16.000       16.000       16.000       16.000
   690:       16.000       16.000       16.000       16.000       16.000
   695:       16.000       16.000       16.000       16.000        2.000
   700:        9.000       10.000       10.000       10.000       10.000
   705:        3.000        6.000        7.000       16.000       16.000
   710:       16.000       16.000       16.000        2.000        9.000
   715:       10.000       10.000        3.000        6.000        7.000
   720:       16.000       16.000       16.000       16.000       16.000
   725:       16.000       16.000        4.000        9.000       11.000
   730:       11.000       11.000        5.000        6.000        8.000
   735:        6.000        6.000        6.000       16.000       16.000
   740:       16.000       16.000       16.000       16.000        2.000
   745:        9.000        3.000        6.000        7.000       16.000
   750:       16.000       16.000       16.000       16.000       16.000
   755:       16.000       16.000       16.000       16.000       16.000
   760:       16.000       16.000       16.000       16.000       16.000
   765:       16.000        2.000        9.000       10.000       10.000
   770:       10.000        3.000        6.000        7.000       16.000
   775:       16.000       16.000       16.000       16.000       16.000
   780:       16.000       16.000       16.000        2.000        9.000
   785:       10.000       10.000       10.000        3.000        6.000
   790:        7.000       16.000       16.000        2.000        9.000
   795:       10.000        3.000        6.000        7.000       16.000
   800:       16.000       16.000       16.000        2.000        9.000
   805:       10.000       10.000        3.000        6.000        7.000
   810:       16.000       16.000       16.000       16.000       16.000
   815:       16.000       16.000       16.000       16.000       16.000
   820:       16.000       16.000        2.000        9.000       10.000
   825:       10.000       10.000       10.000       10.000       10.000
   830:        3.000        6.000        7.000       16.000       16.000
   835:       16.000       16.000       16.000       16.000       16.000
   840:       16.000       16.000       16.000       16.000        4.000
   845:        9.000       11.000       11.000       11.000       11.000
   850:       11.000       11.000       11.000       11.000        5.000
   855:        6.000        8.000        6.000        6.000        6.000
   860:       16.000       16.000       16.000       16.000       16.000
   865:       16.000       16.000       16.000       16.000       16.000
   870:       16.000       16.000       16.000       16.000       16.000
   875:        4.000        9.000       11.000       11.000        5.000
   880:        6.000        8.000       16.000        6.000        6.000
   885:        6.000       16.000       16.000       16.000       16.000
   890:       16.000       16.000       16.000       16.000       16.000
   895:        2.000        9.000       10.000       10.000       10.000
   900:       10.000       10.000       10.000       10.000        3.000
   905:        6.000        7.000       16.000       16.000       16.000
   910:       16.000       16.000       16.000       16.000       16.000
   915:       16.000       16.000       16.000       16.000       16.000
   920:        2.000        9.000       10.000       10.000       10.000
   925:       10.000        3.000        6.000        7.000       16.000
   930:       16.000       16.000       16.000       16.000       16.000
   935:       16.000       16.000       16.000       16.000       16.000
   940:       16.000       16.000       16.000       16.000        2.000
   945:        9.000       10.000       10.000       10.000       10.000
   950:        3.000        6.000        7.000       16.000       16.000
   955:       16.000       16.000       16.000       16.000        2.000
   960:        9.000       10.000       10.000       10.000       10.000
   965:       10.000       10.000        3.000        6.000        7.000
   970:       16.000       16.000       16.000       16.000       16.000
   975:        2.000        9.000       10.000       10.000       10.000
   980:       10.000       10.000       10.000       10.000       10.000
   985:       10.000       10.000        3.000        6.000        7.000
   990:       16.000       16.000       16.000       16.000       16.000
   995:       16.000       16.000       16.000       16.000        2.000
  1000:        9.000       10.000       10.000       10.000       10.000
  1005:       10.000       10.000       10.000        3.000        6.000
  1010:        7.000       16.000       16.000       16.000       16.000
  1015:       16.000       16.000       16.000        2.000        9.000
  1020:       10.000       10.000       10.000       10.000       10.000
  1025:       10.000        3.000        6.000        7.000       16.000
  1030:       16.000       16.000       16.000       16.000       16.000
  1035:       16.000        4.000        9.000       11.000       11.000
  1040:       11.000       11.000        5.000        6.000        8.000
  1045:       16.000        6.000        6.000        6.000       16.000
  1050:       16.000       16.000       16.000       16.000       16.000
  1055:       16.000       16.000       16.000        2.000        9.000
  1060:       10.000        3.000        6.000        7.000       16.000
  1065:       16.000       16.000       16.000       16.000       16.000
  1070:       16.000       16.000       16.000       16.000       16.000
  1075:       16.000       16.000        4.000        9.000       11.000
  1080:       11.000        5.000        6.000        8.000       16.000
  1085:        6.000        6.000        6.000       16.000       16.000
  1090:       16.000       16.000       16.000       16.000       16.000
  1095:       16.000       16.000       16.000       16.000       16.000
  1100:       16.000       16.000        2.000        9.000       10.000
  1105:       10.000       10.000       10.000       10.000        3.000
  1110:        6.000        7.000       16.000       16.000       16.000
  1115:       16.000       16.000       16.000       16.000        2.000
  1120:        9.000       10.000       10.000       10.000        3.000
  1125:        6.000        7.000       16.000       16.000       16.000
  1130:       16.000       16.000       16.000       16.000       16.000
  1135:       16.000       16.000       16.000       16.000        2.000
  1140:        9.000       10.000       10.000       10.000        3.000
  1145:        6.000        7.000       16.000       16.000       16.000
  1150:       16.000       16.000       16.000       16.000       16.000
  1155:       16.000        2.000        9.000       10.000       10.000
  1160:       10.000       10.000       10.000       10.000       10.000
  1165:       10.000       10.000       10.000       10.000       10.000
  1170:        3.000        6.000        7.000       16.000       16.000
  1175:       16.000       16.000       16.000       16.000       16.000
  1180:       16.000       16.000       16.000        2.000        9.000
  1185:       10.000       10.000       10.000       10.000       10.000
  1190:       10.000       10.000       10.000        3.000        6.000
  1195:        7.000       16.000       16.000       16.000       16.000
  1200:       16.000       16.000       16.000       16.000       16.000
  1205:       16.000       16.000       16.000        2.000        9.000
  1210:       10.000       10.000       10.000       10.000       10.000
  1215:       10.000        3.000        6.000        7.000       16.000
  1220:       16.000       16.000       16.000       16.000       16.000
  1225:        2.000        9.000       10.000       10.000       10.000
  1230:       10.000       10.000       10.000       10.000       10.000
  1235:       10.000        3.000        6.000        7.000       16.000
  1240:       16.000       16.000       16.000       16.000        2.000
  1245:        9.000       10.000       10.000       10.000       10.000
  1250:       10.000       10.000        3.000        6.000        7.000
  1255:       16.000       16.000       16.000       16.000       16.000
  1260:       16.000       16.000       16.000       16.000       16.000
  1265:       16.000       16.000       16.000       16.000        2.000
  1270:        9.000       10.000       10.000       10.000       10.000
  1275:       10.000       10.000       10.000        3.000        6.000
  1280:        7.000       16.000       16.000       16.000       16.000
  1285:       16.000       16.000       16.000       16.000       16.000
  1290:       16.000       16.000       16.000       16.000       16.000
  1295:       16.000       16.000       16.000       16.000       16.000
  1300:       16.000       16.000        2.000        9.000       10.000
  1305:       10.000       10.000        3.000        6.000        7.000
  1310:       16.000       16.000       16.000       16.000       16.000
  1315:       16.000       16.000        4.000        9.000       11.000
  1320:       11.000       11.000       11.000       11.000       11.000
  1325:       11.000       11.000        5.000        6.000        8.000
  1330:       16.000        6.000        6.000        6.000       16.000
  1335:       16.000       16.000       16.000       16.000       16.000
  1340:       16.000       16.000        4.000        9.000       11.000
  1345:       11.000       11.000       11.000       11.000       11.000
  1350:       11.000       11.000        5.000        6.000        8.000
  1355:       16.000        6.000        6.000        6.000       16.000
  1360:       16.000       16.000       16.000       16.000       16.000
  1365:        2.000        9.000       10.000       10.000       10.000
  1370:       10.000       10.000        3.000        6.000        7.000
  1375:       16.000       16.000       16.000       16.000       16.000
  1380:       16.000       16.000       16.000       16.000       16.000
  1385:        2.000        9.000       10.000       10.000       10.000
  1390:       10.000        3.000        6.000        7.000       16.000
  1395:       16.000       16.000       16.000       16.000       16.000
  1400:       16.000       16.000       16.000       16.000       16.000
  1405:        2.000        9.000       10.000       10.000       10.000
  1410:       10.000       10.000        3.000        6.000        7.000
  1415:       16.000       16.000       16.000       16.000       16.000
  1420:       16.000       16.000       16.000       16.000        2.000
  1425:        9.000       10.000       10.000       10.000       10.000
  1430:       10.000       10.000       10.000       10.000       10.000
  1435:        3.000        6.000        7.000       16.000       16.000
  1440:       16.000       16.000       16.000       16.000       16.000
  1445:       16.000        2.000        9.000       10.000       10.000
  1450:       10.000        3.000        6.000        7.000       16.000
  1455:       16.000       16.000       16.000       16.000       16.000
  1460:       16.000       16.000        2.000        9.000       10.000
  1465:       10.000       10.000       10.000       10.000       10.000
  1470:       10.000       10.000       10.000       10.000        3.000
  1475:        6.000        7.000       16.000       16.000       16.000
  1480:       16.000       16.000       16.000       16.000       16.000
  1485:       16.000        2.000        9.000       10.000       10.000
  1490:       10.000       10.000        3.000        6.000        7.000
  1495:       16.000       16.000       16.000       16.000       16.000
  1500:        2.000        9.000       10.000       10.000       10.000
  1505:       10.000        3.000        6.000        7.000       16.000
  1510:       16.000       16.000       16.000       16.000       16.000
  1515:        4.000        9.000       11.000       11.000       11.000
  1520:       11.000       11.000        5.000        6.000        8.000
  1525:       16.000        6.000        6.000        6.000       16.000
  1530:       16.000       16.000       16.000       16.000       16.000
  1535:       16.000       16.000       16.000       16.000       16.000
  1540:       16.000       16.000       16.000       16.000       16.000
  1545:       16.000       16.000        4.000        9.000       11.000
  1550:       11.000       11.000       11.000       11.000       11.000
  1555:       11.000       11.000        5.000        6.000        8.000
  1560:        6.000        6.000        6.000       16.000       16.000
  1565:       16.000       16.000       16.000       16.000       16.000
  1570:       16.000       16.000        2.000        9.000       10.000
  1575:       10.000       10.000       10.000       10.000        3.000
  1580:        6.000        7.000       16.000       16.000       16.000
  1585:       16.000       16.000       16.000       16.000       16.000
  1590:       16.000       16.000       16.000       16.000       16.000
  1595:       16.000       16.000       16.000       16.000       16.000
  1600:       16.000       16.000        2.000        9.000       10.000
  1605:       10.000       10.000       10.000       10.000        3.000
  1610:        6.000        7.000       16.000       16.000       16.000
  1615:       16.000       16.000       16.000       16.000       16.000
  1620:        2.000        9.000       10.000       10.000       10.000
  1625:       10.000       10.000       10.000       10.000       10.000
  1630:       10.000        3.000        6.000        7.000       16.000
  1635:       16.000       16.000       16.000       16.000       16.000
  1640:       16.000       16.000       16.000       16.000       16.000
  1645:       16.000       16.000       16.000       16.000       16.000
  1650:        2.000        9.000       10.000       10.000       10.000
  1655:       10.000       10.000       10.000       10.000       10.000
  1660:       10.000        3.000        6.000        7.000       16.000
  1665:       16.000       16.000       16.000       16.000       16.000
  1670:       16.000       16.000       16.000       16.000       16.000
  1675:       16.000       16.000       16.000       16.000        2.000
  1680:        9.000       10.000       10.000       10.000        3.000
  1685:        6.000        7.000       16.000       16.000       16.000
  1690:       16.000       16.000       16.000       16.000       16.000
  1695:       16.000        2.000        9.000       10.000       10.000
  1700:       10.000       10.000       10.000       10.000       10.000
  1705:        3.000        6.000        7.000       16.000       16.000
  1710:       16.000       16.000       16.000       16.000       16.000
  1715:       16.000       16.000       16.000       16.000       16.000
  1720:       16.000       16.000        4.000        9.000       11.000
  1725:       11.000       11.000       11.000       11.000       11.000
  1730:       11.000        5.000        6.000        8.000       16.000
  1735:        6.000        6.000        6.000       16.000       16.000
  1740:       16.000       16.000       16.000       16.000       16.000
  1745:       16.000       16.000       16.000       16.000       16.000
  1750:       16.000       16.000       16.000       16.000       16.000
  1755:       16.000       16.000       16.000       16.000       16.000
  1760:        2.000        9.000       10.000       10.000       10.000
  1765:       10.000       10.000        3.000        6.000        7.000
  1770:       16.000       16.000       16.000       16.000       16.000
  1775:       16.000       16.000       16.000       16.000       16.000
  1780:        4.000        9.000       11.000       11.000       11.000
  1785:       11.000       11.000       11.000       11.000       11.000
  1790:       11.000        5.000       16.000        6.000        8.000
  1795:       16.000        6.000        6.000        6.000       16.000
  1800:       16.000       16.000       16.000       16.000       16.000
  1805:       16.000       16.000       16.000        2.000        9.000
  1810:       10.000       10.000       10.000        3.000        6.000
  1815:        7.000       16.000       16.000       16.000       16.000
  1820:       16.000       16.000       16.000       16.000       16.000
  1825:       16.000       16.000        2.000        9.000       10.000
  1830:       10.000       10.000       10.000       10.000       10.000
  1835:       10.000        3.000        6.000        7.000       16.000
  1840:       16.000       16.000       16.000       16.000       16.000
  1845:        2.000        9.000       10.000       10.000       10.000
  1850:       10.000       10.000       10.000       10.000       10.000
  1855:        3.000        6.000        7.000       16.000       16.000
  1860:       16.000       16.000       16.000       16.000       16.000
  1865:       16.000       16.000       16.000        2.000        9.000
  1870:       10.000       10.000       10.000       10.000       10.000
  1875:       10.000       10.000       10.000        3.000        6.000
  1880:        7.000       16.000       16.000       16.000       16.000
  1885:       16.000       16.000       16.000       16.000        2.000
  1890:        9.000       10.000       10.000       10.000       10.000
  1895:       10.000       10.000       10.000       10.000       10.000
  1900:       10.000        3.000        6.000        7.000       16.000
  1905:       16.000       16.000        2.000        9.000       10.000
  1910:       10.000       10.000       10.000       10.000       10.000
  1915:       10.000        3.000        6.000        7.000       16.000
  1920:       16.000       16.000       16.000       16.000       16.000
  1925:       16.000       16.000        2.000        9.000       10.000
  1930:       10.000       10.000       10.000       10.000        3.000
  1935:        6.000        7.000       16.000       16.000       16.000
  1940:       16.000       16.000       16.000       16.000       16.000
  1945:       16.000       16.000       16.000       16.000       16.000
  1950:       16.000       16.000       16.000       16.000       16.000
  1955:       16.000       16.000       16.000       16.000       16.000
  1960:        2.000        9.000       10.000       10.000       10.000
  1965:       10.000       10.000       10.000        3.000        6.000
  1970:        7.000       16.000       16.000       16.000       16.000
  1975:       16.000       16.000       16.000       16.000       16.000
  1980:       16.000       16.000       16.000       16.000       16.000
  1985:       16.000        2.000        9.000       10.000       10.000
  1990:       10.000       10.000       10.000       10.000       10.000
  1995:       10.000        3.000        6.000        7.000       16.000
  2000:       16.000       16.000       16.000       16.000        2.000
  2005:        9.000       10.000       10.000       10.000       10.000
  2010:       10.000       10.000       10.000       10.000       10.000
  2015:       10.000        3.000        6.000        7.000       16.000
  2020:        2.000        9.000       10.000       10.000       10.000
  2025:       10.000       10.000       10.000       10.000       10.000
  2030:        3.000        6.000        7.000       16.000       16.000
  2035:       16.000       16.000       16.000       16.000        2.000
  2040:        9.000       10.000       10.000       10.000       10.000
  2045:       10.000       10.000       10.000       10.000        3.000
  2050:        6.000        7.000       16.000       16.000       16.000
  2055:       16.000       16.000       16.000       16.000       16.000
  2060:       16.000       16.000       16.000      100.000
I:
     0:        0.000        1.000        1.000        1.000        1.000
     5:        1.000        4.000        1.000        1.000        1.000
    10:        4.000        1.000        1.000        1.000        1.000
    15:        1.000        1.000        1.000        4.000        1.000
    20:        4.000        1.000        1.000        1.000        4.000
    25:        4.000        1.000        1.000        1.000        1.000
    30:        1.000        1.000        1.000        1.000        1.000
    35:        4.000        1.000        1.000        4.000        1.000
    40:        1.000        1.000        1.000        1.000        1.000
    45:        4.000        4.000        1.000        1.000        1.000
    50:        1.000        1.000        1.000        1.000        4.000
    55:        1.000        4.000        1.000        1.000        1.000
    60:        1.000        1.000        1.000        1.000        1.000
    65:        1.000        1.000        4.000        4.000        1.000
    70:        1.000        1.000        1.000        1.000        1.000
    75:        1.000        1.000        4.000        4.000        1.000
    80:        1.000        1.000        1.000        1.000        1.000
    85:        4.000        1.000        4.000        1.000        1.000
    90:        1.000        1.000        1.000        1.000        1.000
    95:        1.000        1.000        1.000        1.000        1.000
   100:        0.000        0.000        0.000        0.000        0.000
   105:        0.000        0.000        0.000        0.000        0.000
   110:        0.000        0.000        0.000        0.000        0.000
   115:        0.000        0.000        0.000        0.000        0.000
   120:        0.000        0.000        0.000        0.000        0.000
   125:        0.000        0.000        0.000        0.000        0.000
   130:        0.000        0.000        0.000        0.000        0.000
   135:        0.000        0.000        0.000        0.000        0.000
   140:        0.000        0.000        0.000        0.000        0.000
   145:        0.000        0.000        0.000        0.000        0.000
   150:        0.000        0.000        0.000        0.000        0.000
   155:        0.000        0.000        0.000        0.000        0.000
   160:        0.000        0.000        0.000        0.000        0.000
   165:        0.000        0.000        0.000        0.000        0.000
   170:        0.000        0.000        0.000        0.000        0.000
   175:        0.000        0.000        0.000        0.000        0.000
   180:        0.000        0.000        0.000        0.000        0.000
   185:        0.000        0.000        0.000        0.000        0.000
   190:        0.000        0.000        0.000        0.000        0.000
   195:        0.000        0.000        0.000        0.000        0.000
   200:        0.000
L:
     0:        1.000        1.000        1.000        1.000        1.000
     5:        1.000        1.000        1.000        4.000        4.000
Q:
     0:       30.000
